$ANSIBLE_VAULT;1.1;AES256
35626334333837393631646365643735666165653634646162616336303165303634363365373136
6631633566616334646533323538386266303836656339300a333931326138316338363366633732
32626236326535343362393634306631396431393265316136623639626363353537613632396231
3635353135366335380a376364376361303637373738653437636134636635363063633166623139
38393736343538386563313138343737616161643761343764366636373034653533396363343432
32313735343339663039383236383130616139626132363464373230383633666333316135306337
65386264363131383930333663346261303666336463386532326538313131333539346538623063
35666535346563363537303362386539643766366139363466306635316232356335353764376162
32623634653630643566346430636365613162303731623038613139663533613833623430626662
37326335396637383966643664346365333761646631336232333466346130656265366363376439
33336666326661616632643031306532343665306630646439306366366631623366343233666431
31653237333133393432396639333337326561643264666635376237396161323566616231663761
32393162333438306539313434303732333762353362636330623064613066623531333332653333
30663437646534303331326636366436373835353364623235316165393830333963666637313564
39626563336638646138366535363331636339636161303562386430323832343463653638376664
38656437383730633934393462656634383934663264396534346163306138303165663862313330
37366563326366303938613962646139353639353431653164613834383136376338356461633361
31393164643764646632323232383138653834663362363836323365303233326362396265356139
34373933356431353338326436623538323831383238656266303435363938386262333465343262
62303737363436346431373162633263666462353265353735663362643330376538376131626537
64613165343530663838646161316137663534306131346238386130396532306664346637303064
61326362653531626136383537383534356562343036346431653831376632313738383962346639
64623465626137393335633939346161316165323636666663663439656263656537343764633330
61396631303832393136666439303131376332316464663963646335323666363862373532353737
34613936373635346364396263643130666133643132303166656134396136646233633233653230
36326662353862363537383765396434326431663134613930313933306630376136633634346637
65306534386433653136373732643066666138623733343534306562313134353135303536316465
63343037313664303235303930356337333736616165363932363032663733653933386438613531
34656163343836376361326462343834386466393337633834383533633363383636393261653261
65623433373262333339613830383566323366356633316366646663613466353533373834346262
34303264396634626538383262386239306163653564336531333439306666626463316330346632
64386465306336383964653763643139333563396130336636656335643665363936656637643962
36363933343434653065383865326163626632303433383864306333373439393739303561396263
39393863306532353761396663346665643666353364363161383661323664343266613865316238
61613730303732376266646630373862393262613830363938376637303366663432316361373834
63303333663134633935626630663865303361633065373165343834386566393039306464336532
32336163663938323961663738313165343565356532346331623437346536333466316334633731
35663030373937303331316331643738623762616361623432393861366435636136643230623632
30366633613566633039643434346436643936343938636237353463616666313337316663646464
61666666376564643039346163646433333136653865346565363438653763636364343266616163
61383732306461363733356234323733643562373135383039646336613034626162303162393737
65336439373938323038623130363237326339356265616335353163353930613661613338666264
62373633313431313862643463356532386666663664643535663432346430316137343865366239
39663436336234313734313732356239333138303662656638386564623530336131663661383166
39623466326339396632626563366135313438666566653630353538353432373337313636646135
37323633343131353865633331343264633836646163653635623534316666333862633937626164
61323565626632323934383366356234323730326363626530363734373166376431386133313433
38613639323035643764303634316361643636366132616264393830366634313430666539633865
63616333383062323737613334313364306332343232313838643235373437383239346439316132
37666337366531646563396666666436373436383837633939326232306437363363333838306533
32326466636463353562343537306534393331353936326636313332623135383763353165343032
30653063333566313364346162316438303363366533396165633437333162656333393465623165
62336430346137323566306533623138306662646332356235346330626234363538666530343061
39353038396465666536393266356436343562633733383031656232616163323164333639343866
64373538663939633066396166633266653635653862656439343762663539623835633761386433
34656333656530326265306363396339626165336332353732366231323937656464373532663334
64303863616666363663656566316339313732643839326663666131313830663831393433346430
34393238323732306434363635613439343861336230353135636530383361343764313465386333
32663163303539376565303137343539343534346161643536633561396630666635396135363538
63666564386466306639653932613634303964316633623964313463353236393738366630363166
36336531653338393937353463313562343363346638326130303035653137366563326361313261
33663134333837356566353664623563306231363932613661383664636364373732633266626539
65626364633937623565633665646331343535636666346138633834623935373131363334633538
34646139646532303666656433363232336663333336353633656132616534306235376261313836
37636266656633653032356533386531643932313766383332313233393066316565323635643635
63643163383966323937303664316134613933613461346164333531376636613737643830656463
35373064666461373038373063373036353736393936373530336462336539393065613663613566
33356537313865633436656262386532323862316464393664613265333562613636323433353939
61636264646362343334646665336630333034353531303865656164313830396236656230326137
38366365336662316362656135316538303331333261393731313636313066636430313039623666
30386339336164313734383432656639376162316634646531303532393862633935306237393139
61343936313561383763343363363466653830353961313735396438323566323537376436656663
39346234333430333132323238336338393931373730653165363938663064356566626331393738
31663737633362383563643137663661383766363739303564643462376635343031326462353139
63373466623638643737343866323233316435333235333232616338326232313634393765306465
61373635613261633431633832613832666462356134623539316337376130623136316334633361
64633132613635393437376165616436326665383163326332393538646236303861373131356264
62636634353963613364653336323233646565376166666138386436653261303030313736316432
66633630326166313434653362373233333464613363306266636166623161383235353130333134
61663665623465316230313034323462353133356631336135343035316664633565663438613634
31363063333534313930343835326531393537346535346537386462663837336136643961613433
35633935616236343761393735656261393236393731373033356363393733396632343766666133
31376165313038643164313965656536613162643434346636373933313137363036643435666532
37313835626266343063656230653634373637396638616664616439383966613564316438346661
64353137363832363032383764646338313064393937386631396562323235656237346331306162
30643164336665313232386434393631363434373065373832383364386437653363646634623137
30636139376631373664636265393562636233333733646437643564373165386664343635663434
65353031653139643036643138376661656238323632616462326436623061336462646666646366
37363936643065396364666264366636386330623862383363323330396637346564396631313934
38653264313564326639343230663634323836653530313665396663303966316139316636376434
33386535636332343463646363623534616636373764363763306139346165356431396139333037
37313562366362613866616264666139613038623435653338383637613439386138613838393363
30333238353837633835383331336536376437663162393133343164663132646239643164313739
37336164383338353236363034323432316235623564323936393831313036626562363731653461
35623237373535666638313561646536303036646331336335376632626466373163363637656132
64373465303338613466643536643339343862316232353465646563633835303933313530643538
34626137646161663632396238623739326331316537336163303361383733623364303937313561
30343335373463613338336365393664366638626163303734386163363564613439303164376230
38333238363931376230363066323462363438386666303036666266353863303937643937366465
39663364333434643130646262663366313538653764386161633562663064353137646335336263
31386432396461336131353262633964646337346630303862353939653662656136646462323662
65653163643461613765383066393231626566353864663861656634333936323463346231636137
65326265346261366533353535326536343439323437393238653962656531643461316665376538
62613736363331323839383361623237386131636133646463313230353965313936323466333930
38343531623535366465313661646335343461636239336365633930303562386135353636326233
35363930343064626631363633663261313266326163323936316461343963336361623063303634
32393939306134326437303737626639656263383966313361316333653665383162666330633633
39636434396537396334373434653937356365393936623934303936626336396666613361393930
36343738626238316231663530636439313565343462356361303438303436666461626534326262
39633430616663353638313536666663356639363064393938663363333265663638363161376432
33396266653564626232616636373966343761343836636536326339373562633364643266383130
66623164626637313365346435643038656165613637306434323334316465383934336562626236
65303764343738626138376331616361336161653934353931363466316236653239336537343436
63616230653665313266336165656530643961363735396437353336343735363562326466626462
37373561656364666661653363346231363066613034333062613331646537666438336335396136
35393531653466373461323563336635333131393162373736663137303064653131363061386231
65363438353439663664373031653237653737613530386166396530386139626364646439343762
62343662653532623565333037313733396463616138326562313861643734643937336466326234
64323436353838313932646634636430656161616539623966303135353537323166323562646430
37613866313236393138646361636433353264353061353738363232343063383465653138643664
62653832396465396664636539386261393431653864663934383331336239613234623434313830
36383431633730373635663134333033323361323566353533306464326136326638313639323863
34646231666263356132353633336664323838306366396335343237613930323738393835343562
37323931626430643533376331376664393161343766323232656230636161363437653733633438
66653964343834353534383962373533633730613233623035623838306665353535316163353637
36646561383664633935346430313236316538646662663637613562363566383765393835643936
65613465666339646139373864346166303763313234663766653438396165663936643766333639
34323134363761646332343263383934373238636131306266326362653562643464333133663363
37633764656435303633626131393436373137316539656436636232663939646464653630653939
37336361613835666164616163643561393530613961623839353430646138333138396337363337
38336662383764386338353663623261373533653235366666623666333066623436373663363831
38383963653032326634323432636466316336666464656564396636646335363136316663663038
30386466653839383064646139386334336232333233383232636231653939376334346435313630
66666232653736656162373866626338326562623263313239633834383239656237303862376131
61623537306364373138386563666334393339303537623861396661383061393164623530343235
31623337383237303362636139653666343736393263643463666532636431303762316437383033
66336638636330313738643231626537646365336534303030303365663836356338663633653964
32386564313331626337326631383437643338313239613635363335623036346263376163613835
32666132313135666233666463653437393363396238333862383031346632373464376266316332
31396232323539316234316162396261396464316233366565303866383530373234633230326638
64656166333230326561396630653938336463363331376462643830346330373734646363363864
30363536366334663766643832303961653735353461383363393964396662373462336266316162
63616264613634623632333735653039343866396137663039656238373539383665643034353738
30343739336562333439653733363736626332633431336164333062643664623239663237333363
64636564306336363863356261373433326636333365613837643336636633386465663133303165
32633230323535666532623766383862633036353262383235313565316438313265366238343363
30633437643863383831356364613462656539336531626338306433386266663737343436633165
66363564633961383264303938333564373633656331626637666339373534646264653733343135
33623032303664353866313762313739363764626439636538373233616234656666336531313163
65303562616462356433323664663062636137303435313566666463663735613738643435353261
65376538383130386139396462363731343566616362626233613833343032343734663562613164
66613466663137376433383833633633343765343339306333366137366139633230656665373962
36356131373563643436656336346563663036396133306132613464316366626335326664383831
31623763616235346532336538343136313639363133623331613162353364333335333163343836
62636535316165623338383538303535636230613437326563663439303439353063363164633439
36353164346265633563343861376430623365616238333761623336616262646135333433323161
38326238633836306365326635623232666137373161313331353166353536613363326434353632
37303162393264373864336461633138633166663462633662336262343563643564323736353931
35333334336432303061653862373037353561333236373538636233626164626537663065396461
39306435663332623632633939626135333763363935333737633233346437313532396230613437
62373534633232373261626131306563623838376531313633313432636531333862336435386366
61626665303466386261356533313633336437633366666662623930353636343434356131663439
64666536313461633662343935653337623464323636643065313835323233316334363361663462
38616135323733663866376135653261393131616662643361663435393933643162396361643461
30633932636633666232626230353936333434353833353530356166363339653637333630623463
66356134356462353232613863333630653066643633653866323233366634343264623065313566
66396461633236643032363965366434636531356361613364623466363264346334633966663833
37376639383930646231363637653462376234376330376531663535326531363763613534623030
3363
